0 AC 369 54851 40.0
1 AC_PROPULSION 204 36797 160.0
2 ACURA 408 47522 72.0
3 A.D._TRAMONTANA 400 69523 42.0
4 ALFA_ROMEO 239 45813 96.0
5 ALMAC 183 6043 72.0
6 ALTERNATIVE_CARS 242 74249 72.0
7 AMUZA 345 49132 144.0
8 ANTEROS 343 56248 18.0
9 ARASH 417 60948 128.0
10 ARIEL 454 6590 70.0
11 ARRINERA 191 39228 32.0
12 ASL 431 57771 24.0
13 ASTERIO 297 67577 48.0
14 ASTON_MARTIN 350 10347 96.0
15 AUDI 321 59357 54.0
16 BAC 176 21192 140.0
17 BAJAJ 274 18455 70.0
18 BEIJING_AUTOMOBILE_WORKS 171 77277 54.0
19 BENTLEY 479 43925 56.0
20 BMW 223 11367 112.0
21 BOLLORÉ 443 89281 30.0
22 BOLWELL 322 34782 112.0
23 BRILLIANCE/HUACHEN 262 80937 140.0
24 BRISTOL 198 76092 42.0
25 BRITISH_LEYLAND 271 74071 24.0
26 BRM_BUGGY 175 38392 96.0
27 BROOKE 478 52909 72.0
28 BUDDY 336 71545 80.0
29 BUFORI 377 51213 54.0
30 BUGATTI 236 74527 108.0
31 BUICK 149 57451 80.0
32 BYD 427 41761 24.0
33 CADILLAC 397 47950 108.0
34 CAPARO 254 41073 32.0
35 CARBONTECH 171 40011 64.0
36 CARICE 221 59664 112.0
37 CHANG'AN 355 80767 48.0
38 CHANGHE 340 73232 96.0
39 CHERY 442 16290 36.0
40 CHEVROLET 393 52126 70.0
41 CHEVRON 277 49207 24.0
42 CITROËN 205 22176 18.0
43 CHRYSLER 395 76834 70.0
44 COMMUTER_CARS 276 36582 60.0
45 CONNAUGHT 426 5600 160.0
46 COVINI 307 33993 80.0
47 DACIA 228 31270 112.0
48 DAIHATSU 130 56681 96.0
49 DATSUN 138 88212 48.0
50 DE_LA_CHAPELLE 405 91420 162.0
51 DMC 120 69742 50.0
52 DIARDI 174 54482 48.0
53 DODGE 172 70306 60.0
54 DONKERVOORT 386 85873 48.0
55 DONGFENG 142 18988 80.0
56 DONTO 182 11693 96.0
57 DS 411 92637 80.0
58 DYNASTI_ELECTRIC_CAR_CORP. 295 87275 160.0
59 E-VADE 323 90600 80.0
60 EFFEDI 176 27456 140.0
61 EGY-TECH_ENGINEERING 347 61842 70.0
62 ELECTRIC_RACEABOUT 479 99165 162.0
63 ELFIN 327 33944 96.0
64 EMGRAND 243 95164 112.0
65 ENGLON 348 42265 80.0
66 ETERNITI 211 11613 24.0
67 ETOX 368 66255 72.0
68 EQUUS 362 5836 48.0
69 EXAGON 274 73699 48.0
70 FARALLI&MAZZANTI 393 84418 126.0
71 FAW 290 17394 36.0
72 FERRARI 432 90528 80.0
73 FIAT 336 32532 64.0
74 FISKER 417 13101 30.0
75 FODAY 251 61779 36.0
76 FORCE 321 94277 60.0
77 FORD 380 58833 112.0
78 FORD_AUSTRALIA 180 45199 80.0
79 FORD_GERMANY 289 44971 70.0
80 FORNASARI 475 29111 56.0
81 FRASER 330 76831 128.0
82 GAC_GROUP 227 14339 140.0
83 GALPIN 411 17450 70.0
84 GEELY 371 13580 100.0
85 GENESIS 140 71334 200.0
86 GIBBS 202 44616 72.0
87 GILLET 288 28038 24.0
88 GINETTA 432 96342 42.0
89 GMC 183 27555 80.0
90 GONOW 464 27756 200.0
91 GREAT_WALL/CHANGCHENG 188 79500 120.0
92 GREENTECH_AUTOMOTIVE 339 16285 48.0
93 GRINNALL 431 56856 120.0
94 GTA_MOTOR 215 10582 60.0
95 GUMPERT 442 8808 24.0
96 GURGEL 430 86701 180.0
97 HENNESSEY 426 90909 40.0
98 HINDUSTAN 237 20257 160.0
99 HOLDEN 337 99588 48.0
100 HONDA 241 20991 48.0
101 HONGQI 210 46785 80.0
102 HRADYESH 334 39839 32.0
103 HTT_TECHNOLOGIES 233 99205 64.0
104 HULME 479 22428 144.0
105 HYUNDAI 247 35448 72.0
106 ICML 303 86613 72.0
107 IFR 225 13049 120.0
108 IRAN_KHODRO 332 5445 200.0
109 IKCO 134 91173 24.0
110 IMPERIA 295 60723 48.0
111 INFINITI 217 63470 126.0
112 IVM 388 35983 40.0
113 INVICTA 265 39382 96.0
114 ISDERA 385 76602 96.0
115 ISUZU 162 50879 100.0
116 JAC 156 43369 48.0
117 JAGUAR 136 25402 40.0
118 JEEP 244 89682 108.0
119 JENSEN_MOTORS 257 64532 120.0
120 JETCAR 124 86246 112.0
121 JONWAY 320 41628 160.0
122 JOSS 190 5910 56.0
123 KAIPAN 226 25466 100.0
124 KANTANKA 219 80041 56.0
125 KARMA 346 20619 90.0
126 KOENIGSEGG 176 36548 80.0
127 KORRES 369 9114 36.0
128 KIA 270 78477 48.0
129 KIAT 265 66604 36.0
130 KISH_KHODRO 154 15770 36.0
131 KTM 246 65084 60.0
132 LADA 140 16627 60.0
133 LAMBORGHINI 284 17905 72.0
134 LANCIA 183 8553 180.0
135 LAND_ROVER 217 56601 144.0
136 LANDWIND 398 8018 112.0
137 LARAKI 468 97784 140.0
138 LEBLANC 472 71356 60.0
139 LEITCH 249 42128 60.0
140 LEOPARD 143 8265 70.0
141 LEXUS 323 41200 100.0
142 LI-ION 437 68097 180.0
143 LIFAN 142 11645 98.0
144 LIGHTNING 425 32758 24.0
145 LINCOLN 247 69994 42.0
146 LISTER 225 63923 64.0
147 LOCAL_MOTORS 268 70102 24.0
148 LOBINI 474 25891 84.0
149 LOTEC 344 58980 56.0
150 LOTUS_CARS 172 14267 90.0
151 LUCRA_CARS 476 70535 80.0
152 LUXGEN 257 94328 70.0
153 MAHINDRA 368 75466 80.0
154 MARUSSIA 195 31708 96.0
155 MARUTI_SUZUKI 240 74354 160.0
156 MASERATI 178 11820 48.0
157 MASTRETTA 294 59681 60.0
158 MAZDA 372 43110 144.0
159 MCLAREN 220 71301 60.0
160 MERCEDES-BENZ 238 38061 18.0
161 MG 211 23632 80.0
162 MICRO 368 24569 48.0
163 MINI 363 51566 100.0
164 MITSUBISHI 311 59084 100.0
165 MITSUOKA 470 55871 48.0
166 MORGAN 414 6644 70.0
167 MULLEN 153 97585 84.0
168 MYCAR 251 41704 160.0
169 MYVI-PERODUA 447 84681 42.0
170 NISSAN 408 87380 112.0
171 NOBLE 449 67991 64.0
172 NOTA 375 44505 80.0
173 OLDSMOBILE 444 17180 128.0
174 OPEL 209 25631 126.0
175 OPTIMAL_ENERGY 249 61248 98.0
176 ORCA 351 22864 40.0
177 OLTCIT 391 16850 42.0
178 PAGANI 221 77171 60.0
179 PANHARD 460 91439 24.0
180 PANOZ 259 45529 42.0
181 PERANA 255 16972 140.0
182 PERODUA 275 81095 54.0
183 PEUGEOT 431 68732 90.0
184 P.G.O. 409 20224 40.0
185 POLARSUN 133 37485 96.0
186 PLYMOUTH 253 74025 24.0
187 PORSCHE 405 37013 162.0
188 PROTO 465 20811 112.0
189 OULLIM 239 22768 32.0
190 PROTON 450 9591 112.0
191 PURITALIA 342 51177 90.0
192 QOROS 198 28489 24.0
193 QVALE 234 7830 24.0
194 RADICAL 428 55724 72.0
195 RELIANT 335 26601 36.0
196 RENAULT 266 84539 162.0
197 REVA 231 90426 40.0
198 RIMAC 142 92224 24.0
199 RINSPEED 279 83277 54.0
200 RODING 303 47102 128.0
201 ROEWE 435 66583 80.0
202 ROLLS-ROYCE 267 71136 54.0
203 ROSSIN-BERTIN 417 7110 30.0
204 ROSSION 273 44518 126.0
205 ROVER 297 12057 144.0
206 SAAB 476 52411 160.0
207 SALEEN 415 60896 90.0
208 SAIC-GM-WULING 222 57692 60.0
209 SAIPA 255 52194 36.0
210 SAKER 170 57363 48.0
211 SAMSUNG 390 57453 54.0
212 SAN 407 9006 100.0
213 SBARRO 480 32712 90.0
214 SCION 393 72413 18.0
215 SEAT 478 67431 40.0
216 SHANGHAI_MAPLE 179 25284 160.0
217 SIN 398 88914 48.0
218 ŠKODA 273 60636 140.0
219 SMART 184 54287 42.0
220 SPADA_VETTURE_SPORT 133 67287 54.0
221 SPYKER 269 70796 180.0
222 SSANGYONG 417 28590 48.0
223 SSC_NORTH_AMERICA 237 98923 48.0
224 STREET&RACING_TECHNOLOGY 128 18257 108.0
225 SUBARU 293 56596 42.0
226 SUZUKI 468 5951 70.0
227 TANOM 269 26500 50.0
228 TATA 212 89007 112.0
229 TAURO 329 7246 72.0
230 TAWON_CAR 378 80427 160.0
231 TD_CARS 435 97918 80.0
232 TESLA 299 67045 24.0
233 THAI_RUNG 399 34247 70.0
234 TOYOTA 160 60474 50.0
235 TREKKA 297 58452 160.0
236 TRIDENT 229 22251 84.0
237 TRIUMPH 347 93462 140.0
238 TROLLER 478 48300 128.0
239 TRUMPCHI 214 11079 160.0
240 TUSHEK 386 46594 90.0
241 TVR 287 7323 60.0
242 TVS 273 70672 80.0
243 ULTIMA 353 26954 42.0
244 UMM 169 25382 108.0
245 UEV 216 52969 40.0
246 URI 273 49997 56.0
247 UAZ 396 60557 40.0
248 VAUXHALL_MOTORS 271 57574 126.0
249 VECTOR 404 73782 144.0
250 VENCER 298 68217 36.0
251 VENIRAUTO 131 27014 60.0
252 VENTURI 285 52614 84.0
253 VEPR 232 11856 96.0
254 VOLKSWAGEN 280 20982 180.0
255 VOLVO 362 89088 90.0
256 VINFAST 478 71327 140.0
257 W_MOTORS 334 8882 162.0
258 WALLYSCAR 126 39624 54.0
259 WESTFIELD 375 61321 60.0
260 WHEEGO 334 33344 40.0
261 WIESMANN 295 27943 56.0
262 XENIA 419 18419 72.0
263 YES! 429 68868 140.0
264 YOUABIAN_PUMA 188 73578 160.0
265 ZASTAVA_AUTOMOBILES 384 88735 100.0
266 ZENDER_CARS 153 99647 18.0
267 ZENOS_CARS 425 38478 40.0
268 ZENVO 345 75238 56.0
269 ZIL 279 23702 144.0
270 ZX_AUT 356 73937 160.0
